[CarsOdom]
j-side_nissan_180sx_street = 3.5
j-side_mazda_fd_rx7_street = 12.0
j-side_nissan_skyline_er34_typer_street = 3.3
j-side_nissan_s15_onevia_no_bonnet_street = 3.8
j-side_nissan_silvia_s14_zenki_street = 2.7
j-side_nissan_silvia_s13_street = 8.0
j-side_lexus_is300_street = 2.0
j-side_toyota_jzx100_mk2_street = 5.8
nissan_skyline_r34_omori_factory_s1 = 2.1
nissan_skyline_r34_v-specperformance = 6.0
nissan_skyline_bnr32 = 6.2
ddm_nissan_skyline_hr31_house = 4.8
dske_nissan_180sx_time_attack = 27.1
honda_civic_eg_gra = 0.0
hothead_honda_civic_eg6_kanjo = 0.3
ks_toyota_ae86_tuned = 0.7
bmw_m3_e30_s1 = 19.9
abarth500 = 17.4
alfa_romeo_giulietta_qv = 8.9
bmw_m3_e92 = 7.6
bmw_z4_gt3 = 42.1
bmw_1m = 1.2
toyota_gt86_tuned = 14.5
j-side_mazda_rx8_street = 5.6000000000000005
j-side_nissan_silvia_s14_kouki_street = 2.2
nx_nissan_skyline_r31 = 8.5

[CarsConst]
j-side_nissan_180sx_street = 1.2176157956304239
j-side_mazda_fd_rx7_street = 1.0775200712758526
j-side_nissan_skyline_er34_typer_street = 1.1797730023117143
j-side_nissan_s15_onevia_no_bonnet_street = 1.0946254377491347
j-side_nissan_silvia_s14_zenki_street = 1.2104472846949645
j-side_nissan_silvia_s13_street = 1.2039497990002512
j-side_lexus_is300_street = 1.0911573920053557
j-side_toyota_jzx100_mk2_street = 1.0541067971718319
nissan_skyline_r34_omori_factory_s1 = 1.120079592922646
nissan_skyline_r34_v-specperformance = 1.205607913084694
nissan_skyline_bnr32 = 1.0615420026730498
ddm_nissan_skyline_hr31_house = 1.1277659168939036
dske_nissan_180sx_time_attack = 1.1912742092650233
honda_civic_eg_gra = 1
hothead_honda_civic_eg6_kanjo = 0.7479553746989083
ks_toyota_ae86_tuned = 1.0585485033311803
bmw_m3_e30_s1 = 1.1077413217481442
abarth500 = 1.0521870575196475
alfa_romeo_giulietta_qv = 0.6460894943825742
bmw_m3_e92 = 1.2019616158375888
bmw_z4_gt3 = 1.3348000752144462
bmw_1m = 1.2814760462978967
toyota_gt86_tuned = 1.0897255921304798
j-side_mazda_rx8_street = 0.9548542282602186
j-side_nissan_silvia_s14_kouki_street = 1.0507559676283849
nx_nissan_skyline_r31 = 1.0303524178187846

